53
52	-132	-125	105	-117	29	71	-18	-27	-94	-15	-32	-74	-97	-69	-13	18	-86	-48	-45	-38	-12	-44	-62	-82	-1	119	120	96	-113	-117	-100	-4	-180	37	103	142	62	-98	41	-130	20	-73	-65	-81	8	-130	-53	-19	-112	-65	-15	5	69	163	-66	79	20	69	-111	-77	-174	27	-150	88	53	-151	-13	88	-13	-133	-145	-58	-43	-70	-149	-41	-11	-45	57	16	25	-69	161	-156	67	62	-44	116	-115	-190	31	15	-76	-12	151	95	44	-144	44	-123	76	-38	-36	-86	46	-92	-64	-63	-108	-69	-16	25	1	-164	-45	-26	63	91	148	-92	125	41	18	-127	60	-80	-152	-86	97	-7	60	-79	-43	-70	-13	83	-28	-59	-48	-65	34	39	37	-161	-102	-117	-11	26	77	-20	47	-2	-147	-22	-159	-104	-122	-122	0	151	120	62	-47	-35	-19
37	-94	39	124	-117	111	64	7	-37	-71	34	-34	35	6	67	-285	55	-56	-2	-40	-78	-22	18	-25	-87	-42	105	-91	120	-74	9	122	11	-206	-17	91	-172	137	-141	189	-45	93	-13	63	-32	-106	-88	-85	-34	-81	-86	-23	14	80	111	-37	108	-81	130	-99	185	81	-24	-107	35	64	-165	152	-133	168	-11	-51	50	-60	66	-182	5	-44	-10	54	-58	4	-48	150	-135	28	-28	-139	93	55	6	101	98	-144	1	-53	57	20	-60	127	-81	126	87	90	50	-131	-126	-75	56	-46	-48	-15	8	29	-164	-65	-94	-43	86	16	-67	134	119	44	88	15	-83	-132	-110	-43	26	-124	-85	-89	-69	87	53	-93	2	-59	-42	176	91	29	-177	171	-121	134	66	168	-21	16	23	-28	124	38	-234	-243	-210	-24	-9	97	93	-29	-9	88
26	-195	-98	96	-115	74	212	1	-37	-66	-19	-24	-65	-116	-82	13	60	-49	-31	-61	-63	86	13	-68	-102	4	94	-64	44	-130	-116	41	102	-121	30	170	138	32	-143	142	-154	-121	-59	-68	-82	16	-76	-90	-51	-99	-68	-3	56	56	15	-40	230	-135	75	-99	187	-175	-7	-106	100	91	-123	-25	-110	15	-122	-146	-44	-61	-77	-143	1	-70	-16	54	-31	166	-47	-66	-136	153	-98	-117	25	-107	-199	61	142	-28	21	232	120	44	-146	230	-194	45	-41	-32	-92	-21	-49	-80	-72	-99	-58	-1	23	39	-165	-76	-103	5	199	7	-115	-47	-79	99	52	27	-80	-139	-67	85	42	97	-89	-71	-104	-83	41	-81	-17	-60	-60	102	206	128	-178	-103	-126	5	-33	141	73	59	79	-166	-25	-180	-79	-45	-53	-130	41	37	158	-35	-149	-40
44	-185	-140	145	-117	-54	198	-6	-49	-60	-9	-43	11	-81	-73	-272	39	-90	6	-18	-65	40	10	-55	-102	94	65	-82	4	-82	-116	-95	11	-41	92	119	91	45	-125	48	-158	-34	-7	-52	-84	-17	-111	-60	-23	-77	-91	-13	70	47	-34	-44	209	-136	1	-64	171	-194	10	-105	84	52	-165	-41	82	-49	-149	-147	10	-94	-77	-183	-26	-72	-11	59	-23	139	-46	172	-142	175	-34	-49	65	-72	-202	43	102	24	5	178	5	40	-149	183	-179	60	-66	-50	-61	-47	-171	-86	-66	-95	-62	-2	27	40	-135	-19	-93	135	215	24	-109	-14	-49	60	-115	68	-5	-57	27	114	42	105	-93	-124	-124	-34	78	-31	-1	-65	-44	33	142	64	-178	-102	-119	-57	-42	74	45	68	58	-167	-95	-194	-235	-35	-117	-66	145	110	82	-47	-57	-37
42	-14	16	-45	-117	61	-163	94	-221	-16	-102	-97	-49	-91	-90	-159	-109	-18	-41	-19	-122	-186	-183	172	81	-167	76	-45	-39	131	-117	-104	-39	81	-151	155	-127	-51	5	35	19	-26	-50	-102	-112	-137	15	-129	26	-24	-111	-201	-190	157	130	-86	-74	41	29	17	-96	-114	18	97	-112	79	-135	34	71	67	21	-40	-61	-81	-32	-165	-221	-37	-92	13	-178	-175	-136	141	45	-183	97	-43	-53	122	-169	21	-106	-52	-56	212	1	-175	-14	-97	9	52	-79	-121	-121	-32	-152	-139	-1	-107	-35	-161	-198	-196	38	21	155	-123	-106	61	116	69	85	50	-94	62	-22	89	-41	-188	-70	-79	-73	-68	-38	70	-23	117	-175	-84	-129	-25	-136	-165	-177	-98	-82	91	97	67	-110	-120	-110	-50	-79	-80	84	72	109	-15	128	103	69	-38	-34	-46
35	-76	-112	126	-117	112	83	-2	-59	-137	4	-61	-90	65	28	-291	60	-62	11	-8	-61	-14	13	-56	-73	-14	44	126	120	-126	7	123	14	-188	-18	93	-172	1	-142	32	-106	92	-123	75	18	-146	-76	-50	21	-80	-101	-31	24	29	109	-64	100	-21	130	-181	186	80	-28	-86	36	63	-165	-43	-133	2	-110	-125	-39	21	-50	-186	-8	78	-30	54	-44	36	-70	144	-176	17	-39	39	93	57	6	103	103	-119	-1	-46	59	20	-151	107	-109	127	4	52	55	-56	-132	-106	-21	-31	-53	-33	-14	27	-120	-11	-77	128	93	97	-110	133	119	47	90	18	-165	-138	-124	-38	26	-118	-64	-63	58	-78	54	-58	17	-44	-41	-3	83	26	-150	159	-89	2	-22	38	-19	16	28	-59	123	36	-240	-267	-214	-31	-11	97	97	-28	-10	92
39	-144	-147	30	-117	-89	48	-2	-49	-235	-182	-63	-200	-201	-191	-304	47	-91	10	-126	-63	-22	16	-66	-98	-30	40	-45	10	-150	-117	110	-42	-273	-36	72	-170	30	-143	18	-156	106	-220	-178	-127	-301	-104	-64	-7	-201	-102	-22	-2	-129	-50	-68	84	-130	-18	-220	-13	54	-11	-192	-15	60	-165	-65	-133	-68	-158	-123	-186	-148	-188	-182	-14	-173	-18	-72	-34	2	-51	-16	-210	22	-76	-112	29	-150	-185	97	4	-287	17	-44	-86	38	-152	65	-141	135	-182	-174	-190	-247	-183	-97	-168	-102	-107	3	17	19	-203	-152	-93	53	84	29	-117	-67	-103	-66	56	-5	-241	-218	-263	-51	35	-111	-83	-129	-170	-58	70	-49	-22	-64	-42	3	35	20	-177	-102	-119	-79	-83	38	-25	0	7	-50	124	25	-237	-319	-211	19	54	119	78	-28	4	73
43	-104	-20	-73	-117	79	-166	-105	-235	-17	-186	-221	-80	-191	-137	-300	-217	-246	-136	-5	-269	-183	-230	203	75	-234	-163	-160	-30	94	-117	-105	-20	-37	-155	144	-163	-153	-28	-127	-49	-25	-52	-176	-209	-295	-151	-269	-96	-25	-277	-200	-203	-117	86	-235	-164	-156	40	-2	-98	-130	26	112	-121	73	-165	-39	30	-35	-33	-34	-149	-211	-68	-177	-245	-149	-183	-30	-249	-172	-243	97	33	-197	-81	-207	-76	143	-195	18	-105	-112	-31	194	-9	-184	-26	-152	-72	75	-151	-187	-194	-239	-187	-285	-8	-196	-114	-241	-222	-204	42	-30	154	-208	-187	-188	88	92	134	48	-135	55	-29	61	-40	-188	-88	-106	-274	-259	-178	-28	-175	-49	-229	-197	-213	-137	-155	-170	-178	-102	-120	-32	-51	-135	-100	-122	-110	-57	-67	-86	-236	-308	54	-16	143	120	56	-37	-20	-37
40	-199	-165	13	-117	-6	-160	-217	-235	-105	-320	-317	-243	-329	-280	-302	-216	-305	-278	-175	-295	-179	-254	25	46	-235	-202	-157	26	91	-117	93	-24	41	-64	64	-165	-188	-144	-178	-186	110	-201	-327	-299	-330	-153	-290	-253	-120	-324	-197	-199	-132	121	-277	-162	-178	20	9	-75	16	5	71	-7	59	-165	-195	-133	-190	-171	-123	-292	-322	-258	-180	-245	-308	-301	-182	-256	-167	-299	135	-8	-192	-207	-207	9	80	-198	89	18	-125	26	-40	-25	-180	-155	-151	-208	138	-284	-306	-307	-279	-189	-289	-243	-284	-240	-267	-222	-202	21	52	85	-204	-181	-197	61	135	88	-82	14	-16	-1	86	-40	-37	36	-128	-317	-333	-330	-196	-194	-199	-243	-280	-290	-183	-150	-164	-177	-101	-119	-199	-214	-188	-36	-35	-27	-67	118	1	-237	-54	23	41	91	133	65	-29	12	57
44	-158	-63	-110	-117	-180	9	-136	-30	-279	-317	-244	-294	-313	-278	-298	31	-193	-180	-243	-129	-25	-21	-70	-93	16	31	-148	-140	-142	-116	-99	-8	-271	-154	129	-175	53	-47	51	-50	15	-284	-317	-290	-328	-100	-63	-144	-273	-204	-32	15	-139	-110	-16	0	-144	-171	-242	-100	-150	32	-185	-158	69	-165	19	42	10	-60	-47	-308	-288	-264	-178	0	-282	-215	-190	-68	-6	-113	-97	-215	18	-31	-114	-109	-145	-202	25	-106	-319	-7	164	-190	-8	-72	12	-60	99	-283	-301	-304	-236	-93	-40	-244	-278	-241	-65	-40	-3	-250	-252	-93	-7	-1	20	-110	-115	-124	38	-133	45	-281	-211	-300	-188	-85	-128	-174	-262	-272	-18	6	-19	6	-31	-76	67	9	-18	-177	-102	-121	-16	-30	27	-88	-125	-112	-47	-12	-70	-233	-313	-204	-12	153	136	44	-36	-7	-25
42	-198	-165	-110	-117	-139	-157	52	-226	-53	-124	-70	-83	-72	-117	-299	-214	-46	-82	-42	-132	-177	-210	-58	-20	-224	-199	-156	-117	-13	-117	58	-27	-165	-131	65	-175	-186	-139	-176	-186	103	-68	-90	-78	-204	-153	-187	-25	-21	-98	-195	-198	63	-79	-201	-159	-178	-120	-86	-101	-152	24	-92	-155	57	-165	-193	-124	-189	-171	-128	-105	-56	-92	-181	-243	-49	-80	41	-194	-164	-133	-81	-92	-190	-206	-170	-107	-7	-202	72	-114	-97	28	-39	-184	-177	-154	-148	-208	134	-131	-122	-95	-83	-181	-230	-105	-100	-66	-179	-198	-196	-78	-82	22	-202	-179	-195	-3	-55	-12	-106	-103	-9	-85	-68	-70	-187	17	-138	-89	-58	-36	-195	-192	-198	-227	-200	-169	-180	-147	-161	-178	-102	-119	-199	-212	-186	-66	-123	-111	-124	98	-103	-236	-301	-209	50	126	143	42	-30	15	26
42	-198	-163	-112	-117	-179	-69	55	-137	-98	-59	-106	-45	-116	-70	-299	-135	-73	-71	-86	-78	-105	-81	-63	-90	-102	-157	-157	-140	-140	-117	57	-28	-232	-131	63	-175	-113	-139	-148	-185	103	-58	-71	-133	-144	-153	-119	-19	-93	-83	-115	-109	56	-107	-128	-79	-177	-170	-156	-101	-149	24	-185	-156	57	-165	-164	-123	-171	-169	-127	-47	-135	-42	-179	-123	-88	-95	38	-116	-93	-45	-95	-169	-75	-196	-152	-110	-146	-202	70	-113	-134	27	-41	-189	-69	-153	-93	-207	133	-43	-50	-91	-131	-181	-122	-53	-130	-65	-53	-117	-111	-189	-136	-88	-77	-63	-170	-109	-112	-123	-106	-102	-7	-138	-188	-119	-187	15	-138	-102	-133	-122	-157	-80	-176	-112	-91	-44	-146	-88	-81	-178	-103	-119	-175	-193	-148	-67	-123	-111	-121	98	-80	-237	-278	-206	52	125	142	42	-30	13	26
42	-197	-145	-112	-117	-179	67	-43	-29	-253	-192	-103	-232	-194	-200	-301	18	-138	-97	-140	-73	-9	-71	-67	-90	-36	24	-132	-140	-143	-117	59	-31	-272	-130	64	-175	-32	-139	36	-177	104	-242	-174	-197	-300	-106	-50	-85	-232	-79	-33	-25	-132	-108	-62	87	-155	-170	-227	-101	-146	23	-185	-156	57	-165	-95	-124	-62	-159	-127	-210	-171	-210	-180	-5	-159	-92	-58	-58	35	-45	-95	-213	31	-122	-162	-110	-146	-202	71	-114	-298	28	-41	-189	-12	-153	83	-202	133	-202	-183	-198	-174	-81	-30	-171	-194	-154	-56	-66	-55	-216	-188	-88	14	72	-13	-109	-113	-123	-108	-100	-10	-254	-213	-275	-187	17	-138	-111	-146	-179	-138	-34	-134	-74	-74	-47	10	63	15	-178	-103	-118	-79	-103	40	-67	-123	-111	-120	99	-74	-238	-316	-206	52	124	142	43	-30	14	28
41	-198	-165	-80	-117	-64	-158	-104	-233	-44	-184	-272	-145	-201	-196	-303	-214	-276	-151	-45	-281	-177	-241	133	97	-234	-199	-156	-98	87	-117	55	-28	39	-130	66	-169	-186	-139	-176	-186	102	-73	-174	-217	-292	-153	-279	-99	-21	-301	-195	-198	-118	107	-250	-160	-177	-95	16	-101	-155	23	59	-152	57	-165	-194	-123	-189	-171	-129	-173	-240	-93	-181	-244	-167	-218	-80	-254	-164	-271	66	-33	-190	-206	-206	-75	67	-202	70	-114	-102	28	-33	-136	-177	-154	-148	-208	133	-165	-178	-198	-262	-189	-288	-145	-202	-148	-254	-221	-201	-46	-24	164	-203	-180	-195	64	54	32	-107	-108	-10	8	83	-27	-187	17	-138	-290	-294	-216	-195	-192	-198	-236	-229	-248	-181	-147	-161	-178	-102	-119	-199	-212	-186	-66	-123	-111	-126	96	-120	-237	-53	6	50	127	143	43	-30	15	27
130	-195	-147	-110	230	-183	46	-13	-44	-127	-38	-34	-62	-111	-109	-261	43	-83	-6	-12	-52	-23	1	-62	-97	-23	28	-48	-140	-142	-116	-111	-6	-216	-147	231	-175	37	-110	9	-175	80	-89	-62	-89	-83	-86	-63	-30	-88	-81	-21	-9	37	-113	-65	77	-136	-172	-169	-101	-195	33	-189	-157	195	-165	-51	194	-70	-161	-130	-47	-83	-81	-180	-24	-43	-11	57	-6	2	-48	-98	-176	24	-100	-104	-108	-149	-202	167	-108	-107	9	199	-191	35	-151	57	-195	265	-72	-62	-111	-79	-164	-77	-70	-92	-61	3	26	13	-131	-15	-94	54	80	18	-114	-118	-128	14	-135	33	-150	-178	-114	-188	-48	-115	-91	-106	-111	-41	74	-19	-45	-67	-59	4	32	19	-177	-101	-121	-90	-99	26	-77	-125	-112	-146	104	-188	-234	-222	-208	30	253	291	35	-34	2	-9
43	-199	-164	-76	238	84	-163	51	-232	-6	-99	-103	-85	-82	-91	-273	-217	-42	-27	-9	-171	-182	-156	201	72	-177	-205	-158	-20	88	-117	43	-16	-42	-156	168	-162	-191	-111	-181	-186	201	-56	-76	-113	-150	-149	-200	28	-22	-136	-200	-183	-45	83	-56	-165	-178	46	10	-99	-182	27	110	-117	82	-153	-196	179	-192	-171	46	-106	-87	-48	-180	-245	-23	-79	-12	-212	-170	-114	91	40	-186	-208	-148	-75	142	-202	55	-106	-96	-23	184	1	-183	-154	-155	-208	153	-104	-108	-108	-27	-166	-211	-2	-120	-61	-170	-205	-187	33	-24	152	-189	-184	-200	83	95	135	44	-129	51	-27	53	-38	-188	-94	-113	-120	-91	-41	-196	-196	-200	-158	-38	-73	-186	-154	-168	-177	-101	-119	-201	-214	-191	-96	-121	-111	63	159	39	-237	-230	54	185	187	182	51	-36	-16	-32
59	91	-102	-112	-117	-183	44	12	-39	-66	-55	-31	-26	-136	-91	-301	51	-59	-10	-59	-75	-22	17	-56	-96	-53	69	-109	-140	-136	21	126	-123	-209	-123	80	-175	1	-96	70	-95	199	-33	-91	-88	-129	-89	-94	-42	-73	-86	-24	2	86	-112	-33	98	7	-172	-127	-102	148	-37	-190	-154	55	-164	-45	-128	-1	-99	37	-34	-79	-36	-184	1	-103	-12	56	-50	6	-48	-97	-153	-2	-15	-126	-109	-153	164	157	-120	-97	9	-45	-191	16	-142	91	-35	162	-42	-59	-116	-163	-145	-84	-63	-93	-65	-6	12	24	-168	-65	-91	0	75	36	-116	-118	-131	-105	123	46	-90	-169	-77	-186	41	-29	-95	-90	-107	-100	33	-82	-9	-58	-48	38	59	12	99	-101	-118	-12	-24	79	-95	-124	-112	53	154	91	-237	-252	-210	185	193	184	91	-14	13	89
61	89	-166	-75	-117	78	-161	62	-235	-20	-107	-103	-85	-80	-96	-290	-221	-49	-34	0	-173	-182	-168	209	72	-171	-201	-153	-23	90	20	127	-124	-48	-122	81	-164	-192	-116	-179	-175	196	-57	-79	-104	-168	-157	-204	27	-26	-136	-202	-183	-26	85	-46	-161	-166	42	-2	-102	149	-42	106	-119	57	-164	-196	-127	-191	-174	36	-110	-80	-68	-184	-251	-32	-86	-4	-212	-169	-125	101	36	-182	-207	-124	-75	140	164	157	-120	-117	7	-33	-10	-186	-154	-152	-97	161	-117	-109	-104	-45	-175	-224	-8	-119	-62	-180	-208	-190	41	-22	152	-182	-178	-196	86	96	134	-106	123	34	-33	53	-45	-170	41	-10	-118	-86	-43	-196	-201	-200	-160	-38	-81	-186	-153	-168	90	-101	-113	-201	-214	-188	-96	-120	-112	49	149	90	-246	-265	46	185	195	183	94	-13	13	93
7	-197	-154	26	-117	-134	47	114	131	-112	-52	-123	-51	-113	-70	-294	20	-69	1	-60	-82	108	-49	-64	-92	1	-13	-62	-38	-141	-116	-8	89	-227	17	42	-175	6	-144	-31	-181	-136	-68	-67	-110	-122	-108	-27	109	-112	-109	139	-1	19	-43	-57	52	-146	-72	-160	113	-183	12	-186	-9	26	-165	-83	-132	-104	-167	-148	-47	-144	-56	-179	136	-71	-77	168	16	57	-56	-47	-175	29	-132	-42	7	-147	-200	16	95	-125	46	16	-51	160	-152	33	-203	-6	-52	-54	-96	-138	-158	-87	-35	-29	97	-42	51	19	-189	-73	-89	60	66	-16	-110	-88	-113	95	16	-3	-142	-185	-117	-42	50	-127	-88	-133	-112	-66	70	-108	-55	-55	-39	-33	50	118	-178	-102	-119	-119	-128	-19	120	-24	53	-168	-105	-188	-236	-260	-207	-130	3	0	67	-23	37	51
-7	-196	-147	-10	-117	-154	61	25	12	-158	-56	-100	-88	-92	-97	-281	123	-110	-91	-61	-61	-8	-84	-12	-90	-30	26	-112	11	-147	-116	-142	-28	-237	108	61	59	5	-140	27	-176	-108	-117	-60	-127	-113	40	-78	-49	-116	-73	-9	-30	196	-75	-53	84	-149	-7	-183	52	-195	-34	-187	-29	15	-165	-76	-119	-69	-159	-148	-70	-116	-96	-180	9	-37	-100	61	-45	26	-57	-86	-186	30	-115	-43	0	-149	-202	-7	13	-151	15	-44	-171	-1	-150	76	-200	10	-80	-66	-94	-73	-126	-66	-91	-128	-29	-60	-57	-55	-146	-46	-86	27	75	-3	-111	-63	-99	12	-57	24	-179	-197	-160	44	70	91	-95	-105	-85	-59	84	34	-82	-63	-74	1	52	7	-176	-92	-65	-82	-101	36	86	-15	-18	-168	-129	-195	-241	-258	-209	-123	-17	24	125	5	30	121
5	-196	-154	12	-101	-172	49	70	5	-143	-49	-127	-68	-103	-94	-246	63	-91	-92	-81	-71	-12	-95	-34	-90	-13	13	-70	-10	-142	-115	-68	117	-228	-18	51	-175	-25	-143	-5	-179	-88	-93	-62	-141	-106	-18	-74	-32	-124	-93	-2	-32	171	-44	-68	71	-143	-119	-172	152	-193	18	-186	-34	8	-157	-104	-133	-96	-164	-148	-56	-130	-80	-139	10	-48	-124	54	-65	10	-89	-83	-185	30	-118	1	19	-147	-202	3	117	-129	-16	64	-183	7	-153	52	-201	26	-68	-60	-98	-64	101	-9	-84	-131	-23	-90	-74	-63	-164	-44	-87	50	74	0	-109	-69	-116	94	-140	55	-160	-188	-132	-12	-19	-2	-66	-102	-99	-92	16	-99	-68	-36	-69	-31	24	-9	-176	-94	-62	-100	-112	12	91	-40	8	-169	-39	-194	-225	-249	-207	-125	-122	18	77	-30	-14	-69
22	-197	-155	33	-92	-41	46	19	1	-111	-61	-130	-55	-111	-74	-275	88	-72	-67	-46	-99	-13	-68	-11	-92	0	-5	-73	-2	-146	-117	-3	33	-236	105	46	-175	1	-143	-22	-182	-105	-70	-70	-132	-141	49	-81	-14	-96	-113	-5	-24	184	-85	-75	61	-147	6	-164	-56	-179	38	-189	-28	15	-157	-88	-127	-102	-168	-149	-54	-142	-52	-143	13	-80	-107	61	-84	8	-62	-18	-175	33	-130	-45	-17	-147	-202	9	8	-140	42	92	-86	15	-153	40	-204	18	-50	-55	-91	-109	76	-52	-60	-122	-40	-72	-64	-55	-148	55	-77	57	71	-12	-113	-76	-92	6	-49	8	-149	-193	-128	-9	56	106	-82	-126	-111	-75	23	-87	-54	-44	-39	-25	11	-12	-178	-102	-115	-114	-125	-8	117	-8	23	-168	-21	-185	-230	-277	-211	-133	-80	-17	41	-33	24	-4
22	-198	-132	33	-117	-42	208	18	-26	-164	-56	-94	-96	-92	-62	-271	31	-99	-26	6	-60	131	-27	-61	-92	104	-2	-95	-2	-147	-117	-3	33	-238	105	47	-175	-36	-142	39	-177	-105	-128	-60	-90	-107	-100	-67	59	-123	-73	37	138	65	-85	-43	167	-151	6	-187	-55	-179	38	-188	-28	15	-165	-68	-133	-21	-152	-149	-75	-116	-96	-182	0	-31	-68	183	-63	182	-53	-52	-187	183	-144	-93	-17	-146	-202	9	9	-152	42	92	-160	24	-153	166	-206	18	-88	-71	-92	-58	-94	-47	6	-2	117	-45	-28	86	-143	-49	-87	42	161	-37	-112	-76	-91	7	-49	8	-183	-197	-166	-10	56	106	-98	-107	-79	-127	-10	-121	43	-65	-69	7	159	98	-178	-103	-116	-44	-97	37	117	-8	23	-169	-21	-185	-241	-254	-210	-133	-80	-18	41	-33	24	-5
6	-164	-124	12	-117	-171	55	16	-37	-109	-52	-119	-50	-116	-81	-298	36	-70	-61	-35	-97	-6	-58	-26	-91	15	136	37	-9	-140	-116	-71	117	-226	-16	51	-175	1	-142	76	-135	-89	-66	-68	-140	-123	-110	-89	-22	-92	-105	-24	22	171	-44	-82	122	-67	-116	-158	153	-193	19	-186	-34	8	-165	-67	-133	1	-126	-148	-47	-143	-55	-182	0	-74	-98	67	-90	23	-53	-84	-172	60	48	-26	19	-146	-202	2	115	-124	-15	66	-181	33	-153	82	-147	26	-51	-54	-97	-135	-171	-93	-68	-122	-24	-67	-73	-40	-138	60	-79	53	113	135	-109	-69	-115	93	-141	55	-139	-184	-115	-12	-18	-1	-95	-136	-115	-100	42	-95	-31	-62	-40	15	29	12	-178	-103	-116	24	36	117	95	-40	10	-170	-40	-175	-240	-261	-208	-124	-120	18	75	-30	-14	-68
-7	-171	-93	-10	-117	-151	67	74	-32	-148	-45	-129	-73	-107	-104	-263	38	-90	-84	-71	-73	-7	-87	-37	-91	5	149	-101	11	-141	-116	-143	-27	-222	107	60	60	6	-142	125	-121	-109	-101	-62	-148	-92	-103	-73	-34	-122	-97	-26	18	173	-77	-77	137	-110	-7	-174	52	-195	-33	-185	-28	15	-165	-7	-133	66	-102	-148	-57	-136	-93	-181	2	-40	-123	49	-75	31	-89	-89	-185	63	54	1	0	-145	-202	-7	13	-122	15	-38	-169	18	-146	117	-154	10	-77	-65	-107	-74	-130	-82	-87	-130	-11	-90	-77	-45	-155	-50	-90	25	104	119	-109	-63	-96	11	-103	24	-161	-183	-131	44	69	91	-64	-104	-97	-102	22	-107	-43	-38	-65	69	52	8	-177	-97	-77	72	64	150	88	-16	-18	-169	-131	-196	-237	-234	-206	-123	-16	24	126	6	30	122
-7	-189	-140	-12	-117	-152	77	-5	-39	-121	-53	-127	-67	-102	-88	-293	41	-98	-88	9	-73	-4	-89	-40	-90	-15	15	100	11	-144	-116	-145	-30	-232	108	61	62	-34	-142	26	-178	-110	-90	-63	-135	-115	-92	-74	-21	-76	-95	-33	5	120	-76	-44	41	-104	-6	-171	49	-195	-34	-188	-29	15	-165	-95	-133	-43	-155	-149	-57	-129	-73	-182	-1	-53	-124	73	-79	48	-89	-88	-168	58	-106	80	-1	-148	-202	-7	13	-135	9	-22	-168	4	-153	36	-193	9	-65	-59	-95	-108	-115	-70	-74	-123	-23	-90	-84	-55	-67	88	-74	120	62	46	-110	-63	-97	11	-111	24	-160	-190	-135	45	69	93	-67	-103	-100	-122	12	-106	-53	-34	-66	-14	10	-8	-150	-99	-79	-60	-99	33	78	-15	-20	-170	-133	-197	-242	-258	-209	-123	-15	24	127	6	30	124
7	-195	-156	26	-117	-135	185	40	-37	-83	-17	-77	-54	56	67	-286	37	-67	-68	-81	-97	87	-17	-62	-92	141	7	-118	-38	-140	-116	-8	89	-245	15	42	-174	-1	-144	-33	-175	-136	-63	65	33	-113	-111	-86	-30	-106	-106	10	137	63	-43	-28	137	-151	-72	-140	113	-183	12	-186	-9	26	-165	-106	-132	-103	-162	-148	-27	5	6	-179	0	18	-70	46	-92	150	-55	-47	-158	184	-104	-22	6	-146	-200	16	96	-172	45	17	-52	35	-153	113	-197	-6	44	67	71	-113	-166	-94	32	7	-23	-65	-51	76	-184	-114	-90	103	160	0	-110	-88	-112	95	16	-3	-120	-197	-139	-42	50	-127	-88	-100	4	-99	44	-95	80	-41	-39	-37	93	47	-178	-103	-120	-103	-101	-10	120	-24	53	-168	-104	-188	-235	-259	-206	-130	3	0	67	-23	37	51
4	-176	-136	12	-117	-171	74	-13	-27	-62	13	-100	21	-55	-94	-277	31	-110	-99	-34	-58	-11	-78	-64	-90	-23	27	130	-10	-104	-115	-66	117	-80	-19	52	-175	-30	-143	37	-171	-88	-3	-54	-108	-8	-104	-69	-53	-90	-73	-28	-8	37	-43	-54	45	-62	-120	-90	151	-193	17	-170	-34	8	-165	-79	-133	-30	-155	-148	25	-96	-65	-179	2	-64	-106	63	-62	36	-58	-83	-153	59	-66	46	19	-144	-199	3	118	19	-17	62	-183	3	-153	40	-178	26	-57	-54	-64	-41	-112	-56	-75	-121	-48	-58	-68	-53	-164	-58	-88	106	67	82	-105	-69	-116	94	-138	55	-20	-101	17	-12	-19	-4	-89	-100	-89	-126	-1	-120	-74	-63	-76	6	11	-14	-135	-96	-76	-58	-92	35	89	-41	6	-169	-38	-194	-236	-66	-197	-125	-123	17	78	-30	-15	-71
-7	-193	-71	-10	-117	-140	76	-16	-25	-72	13	-98	16	-55	-95	-268	31	-109	-97	-30	-59	-17	-70	-65	-91	12	136	-68	11	-105	-116	-142	-26	-76	107	60	58	88	-143	172	-144	-109	-10	-52	-114	-2	-105	-67	-56	-91	-73	-28	6	29	-76	-59	154	-147	-8	-97	53	-195	-33	-157	-29	15	-165	71	-133	110	-105	-148	22	-98	-70	-179	3	-61	-104	62	-61	28	-56	-89	-157	60	-29	-107	1	-118	-202	-7	13	20	16	-47	-158	16	-136	164	-186	11	-65	-57	-66	-39	-109	-52	-73	-124	-47	-58	-66	-46	-163	-56	-89	6	85	39	-106	-63	-97	12	-55	24	-25	-100	15	44	69	90	-93	-101	-86	-55	12	-122	-53	-69	-74	145	128	51	-178	-103	-120	86	39	170	89	-15	-17	-169	-129	-196	-235	-58	-140	-123	-18	24	125	5	30	121
22	-189	-142	33	-117	-43	74	18	-32	-100	-33	-125	-73	-75	-68	-37	39	-72	-97	-71	-69	-8	-90	-58	-92	-12	17	105	-2	-144	-117	-2	35	-210	104	47	-175	-30	-143	21	-176	-105	-68	-60	-116	-15	-101	-74	-36	-118	-92	-28	-1	71	-85	-44	41	-103	6	-152	-52	-179	38	-188	-28	15	-158	-100	-133	-52	-155	-148	-80	-115	-100	-147	2	-6	-124	56	-74	37	-88	-51	-169	61	-107	90	-17	-147	-202	8	10	-110	41	92	-163	15	-153	31	-193	17	-91	-69	-58	52	-38	-74	-87	-124	-61	-87	-81	-59	-184	-80	-86	116	57	38	-112	-76	-92	11	-47	10	-131	-181	-123	-11	55	106	-66	-101	-98	-119	20	-107	-56	-34	-69	-20	6	-4	-145	-97	-70	-61	-93	34	118	-8	24	-168	-21	-184	-189	-165	-205	-133	-81	-18	41	-33	24	-6
22	-197	-154	33	-117	-45	48	46	131	-80	-37	-78	-60	52	71	-294	15	-71	-65	-80	-84	111	-46	-58	-92	1	-10	-57	-1	-146	-117	-2	37	-247	103	47	-175	7	-143	-30	-182	-105	-64	57	39	-118	-110	-27	-29	-97	-110	141	0	72	-85	-68	54	-145	6	-143	-47	-178	39	-188	-29	14	-165	-83	-133	-104	-168	-148	-39	6	11	-181	134	-5	-67	45	19	60	-58	-49	-156	29	-130	-48	-17	-147	-202	8	12	-179	41	91	-165	160	-152	35	-203	17	44	62	71	-126	-160	-93	43	18	-16	-42	55	24	-180	-114	-86	62	68	-12	-112	-76	-93	14	-45	11	-127	-202	-155	-12	55	106	-87	-100	-9	-67	67	-109	-55	-50	-39	-32	52	119	-178	-102	-117	-118	-127	-17	119	-8	25	-168	-21	-183	-240	-266	-210	-133	-81	-18	41	-33	24	-7
4	-196	-146	13	-117	-172	59	-7	16	-52	14	-94	27	-55	-88	-286	125	-114	-91	-38	-64	-8	-78	-61	-90	-32	30	-107	-11	-107	-115	-65	117	-94	-18	52	-175	13	-140	27	-175	-88	5	-58	-89	-15	11	-84	-63	-85	-75	-2	-36	51	-43	-56	85	-146	-120	-87	152	-193	16	-175	-34	8	-165	-71	-129	-67	-158	-148	29	-91	-55	-179	10	-69	-99	63	-41	21	-50	-82	-149	28	-108	-129	19	-147	-202	3	117	14	-16	61	-184	7	-150	74	-198	26	-43	-48	-59	-45	-136	-66	-77	-115	-55	-54	-47	-54	-163	-53	-86	31	76	4	-106	-70	-117	94	-138	55	-19	-109	16	-12	-18	-4	-110	-108	-99	-50	96	33	-81	-72	-62	3	49	7	-178	-103	-119	-79	-97	38	91	-40	7	-168	-38	-193	-238	-85	-202	-125	-124	17	79	-29	-15	-72
-7	-196	-155	-9	-102	-154	41	6	5	4	-6	-126	50	-59	-82	-260	76	-95	-93	-54	-68	-11	-94	-62	-90	-13	10	-50	11	-94	-115	-138	-25	-92	107	61	54	-18	-144	-14	-178	-108	44	-57	-107	-67	-12	-74	-37	-46	-94	8	-39	57	-74	-67	65	-140	-9	-30	56	-195	-34	-175	-30	16	-159	-99	-133	-98	-164	-148	35	-108	-15	-146	7	-73	-123	57	-63	4	-89	-87	-105	25	-115	-75	2	-120	-202	-7	13	13	20	-54	-172	20	-153	44	-199	12	-20	-43	-57	-51	89	-12	-75	-120	-54	-88	-71	-64	-154	-78	-87	55	72	3	-98	-63	-96	12	-42	23	19	-88	36	43	70	88	-65	-100	-95	-84	18	-101	-70	-37	-69	-31	13	-8	-178	-102	-121	-104	-113	6	91	-15	-16	-168	-124	-195	-227	-138	-205	-123	-19	25	122	3	30	118
-7	-196	-143	-10	-117	-155	52	23	15	-90	-22	-120	-75	-85	-58	-44	104	-76	-99	-79	-71	-10	-92	-55	-91	-14	14	-81	11	-145	-116	-140	-27	-207	108	61	57	57	-136	7	-178	-108	-65	-60	-111	-10	-88	-74	-39	-110	-89	1	-30	82	-74	-67	73	-145	-8	-149	53	-195	-34	-187	-30	16	-160	-33	-128	-70	-163	-147	-73	-114	-91	-154	11	-1	-123	51	-55	13	-88	-86	-164	31	-118	-82	1	-150	-202	-7	13	-99	16	-50	-173	28	-140	57	-200	11	-86	-69	-56	48	-43	-86	-84	-124	-69	-88	-62	-56	-182	-80	-85	47	75	-1	-112	-63	-100	12	-50	24	-130	-179	-123	43	70	90	-68	-99	-99	18	124	62	-67	-35	-72	9	33	8	-178	-103	-118	-98	-111	16	87	-15	-17	-168	-126	-195	-79	-160	-205	-123	-19	24	124	4	30	120
28	67	30	31	-117	109	17	-144	-17	-284	-326	-204	-302	-293	-286	-308	-40	-97	-220	-237	-55	-36	-65	-63	-89	13	1	-43	97	-148	-117	-24	102	-278	20	37	97	23	85	68	73	-7	-291	-319	-279	-336	-131	-16	-191	-273	-131	-23	-23	-131	-73	-31	32	67	118	-254	-35	-13	50	-175	105	35	-165	14	129	40	59	24	-318	-247	-269	-182	-38	-268	-218	-179	-8	-20	-116	-61	-222	22	91	-24	51	-92	-110	50	16	-325	50	-40	123	-38	23	36	77	79	-293	-317	-307	-223	-165	-40	-246	-280	-241	-48	-13	-30	-248	-247	-84	61	45	4	-110	-25	-22	52	-99	-10	-285	-216	-305	56	85	109	-69	-165	-221	15	17	90	-45	-106	-134	62	8	-26	-178	-103	-114	59	85	36	44	72	7	30	-1	24	-244	-321	-205	24	31	65	162	-46	-146	52
19	69	36	39	-112	87	6	-132	-33	-278	-317	-244	-292	-306	-280	-295	10	-136	-184	-241	-118	-33	-28	-68	-89	13	36	-147	60	-144	-117	-42	76	-273	39	56	130	53	60	30	81	16	-282	-313	-294	-327	23	-41	-145	-271	-195	-41	9	-139	-76	-17	18	24	89	-247	-69	12	19	-171	101	45	-165	12	107	12	67	53	-307	-281	-263	-176	-11	-265	-219	-191	-58	-10	-120	-65	-221	15	59	-101	17	-102	-113	27	12	-318	74	-34	123	-23	21	4	83	70	-283	-302	-307	-212	-58	-20	-244	-282	-244	-72	-43	-10	-250	-251	-87	-4	2	-32	-108	-64	-59	122	-101	-3	-281	-212	-299	76	104	-26	-134	-245	-254	27	28	109	1	-35	-82	30	-9	-27	-178	-103	-122	35	60	45	41	61	-10	60	4	53	-235	-312	-194	16	25	70	165	-42	-141	76
19	70	35	156	-112	-144	5	-132	-33	-277	-316	-244	-290	-306	-280	-294	11	-137	-183	-242	-118	-33	-28	-70	-89	13	36	-147	35	-141	-117	-43	75	-271	9	57	-175	53	60	30	81	16	-281	-311	-293	-326	22	-41	-144	-271	-195	-41	9	-141	73	-18	18	25	-70	-244	115	12	20	-182	-8	45	-165	12	107	13	67	53	-305	-281	-262	-175	-11	-264	-219	-193	-58	-11	-120	199	-219	15	59	-101	110	-141	-112	25	71	-317	75	-33	-137	-22	21	4	84	69	-281	-300	-306	-212	-59	-20	-244	-282	-245	-72	-43	-10	-251	-252	-87	-4	2	-31	-107	-50	-110	122	-102	-3	-280	-210	-298	-28	104	-124	-135	-245	-254	28	27	110	1	-35	-82	31	-9	-26	-178	-103	-123	35	60	45	43	-10	40	60	3	53	-233	-311	-202	16	26	70	166	-42	-141	78
28	68	29	148	-117	-138	17	-144	-17	-282	-324	-204	-301	-293	-285	-306	-41	-97	-220	-238	-55	-36	-65	-65	-89	13	1	-42	-8	-144	-117	-26	101	-276	-6	39	-175	22	85	69	73	-8	-289	-317	-279	-335	-131	-15	-191	-273	-131	-22	-23	-132	-4	-30	31	68	-41	-251	144	-13	50	-185	-6	36	-165	13	128	40	59	24	-317	-247	-268	-182	-38	-267	-218	-181	-8	-21	-116	193	-221	22	91	-23	80	-144	-109	49	82	-324	50	-38	-158	-38	24	36	77	79	-291	-314	-306	-223	-164	-40	-245	-280	-242	-48	-13	-30	-249	-248	-86	61	45	3	-108	-81	-107	54	-100	-11	-284	-214	-304	-28	86	109	-69	-165	-221	15	18	90	-46	-105	-134	61	8	-26	-178	-103	-115	58	84	37	43	-20	30	30	-1	25	-241	-319	-207	24	32	65	162	-46	-146	54
22	69	29	39	-117	72	15	-142	-17	-181	-327	-202	-294	-295	-288	-309	-44	-98	-219	-231	-54	-36	-64	-48	32	12	2	-39	39	-11	-117	-35	71	-189	39	38	140	20	85	70	74	-7	-249	-321	-280	-338	-133	-17	-190	-229	-129	-22	-25	-130	5	-30	32	68	72	-75	-67	-12	20	-68	99	43	-165	13	127	39	59	24	-320	-247	-268	-183	-39	-270	-217	-178	-8	-22	-114	-16	-61	21	90	-19	11	-13	-107	41	12	-324	81	-49	120	-39	24	36	78	77	-295	-320	-309	-226	-167	-43	-247	-280	-242	-47	-12	-29	-83	-157	39	62	45	4	15	4	7	123	-94	7	-136	-69	-270	85	105	-5	-69	-164	-222	16	20	93	-47	-106	-133	61	7	-26	-178	-104	-112	58	84	40	42	56	-14	31	-3	26	-246	-321	-188	23	34	69	165	-44	-147	62
19	69	36	40	-112	66	5	-132	-33	-177	-318	-245	-278	-307	-281	-296	10	-136	-184	-235	-118	-34	-29	-58	31	13	36	-147	37	-7	-117	-45	64	-174	42	56	140	53	60	30	82	16	-238	-314	-294	-328	22	-41	-144	-227	-195	-41	9	-139	3	-17	18	24	68	-71	41	12	21	-64	99	46	-165	12	107	13	68	53	-308	-282	-261	-176	-11	-266	-220	-191	-58	-11	-120	-21	-60	15	60	-100	11	-11	-114	24	7	-314	88	-37	117	-22	21	4	84	69	-284	-303	-308	-213	-59	-20	-245	-282	-244	-72	-43	-10	-85	-167	35	-4	2	-31	17	3	7	123	-99	0	-129	-62	-257	88	101	-1	-134	-245	-255	28	27	110	1	-35	-82	31	-9	-26	-178	-104	-121	36	61	45	52	58	-12	60	3	53	-237	-311	-171	16	27	70	167	-41	-142	79
27	69	38	142	-112	-62	5	-135	-35	-174	-314	-243	-273	-305	-280	-292	11	-134	-183	-237	-117	-33	-27	-66	31	12	34	-149	-16	-4	-116	-35	100	-164	-8	52	-175	52	61	31	82	16	-234	-309	-293	-325	23	-41	-145	-227	-193	-42	10	-142	32	-19	19	26	-29	-68	162	9	58	-76	-7	39	-165	12	108	13	69	52	-303	-281	-260	-174	-12	-262	-217	-196	-59	-10	-118	185	-59	14	62	-106	62	-16	-117	35	87	-310	55	-26	-151	-24	21	6	84	74	-281	-299	-305	-209	-53	-18	-245	-282	-246	-70	-42	-9	-86	-177	32	-7	1	-39	18	-1	-5	41	-109	-30	-124	-56	-248	-28	81	115	-135	-244	-253	26	31	109	1	-36	-81	28	-10	-27	-178	101	-124	39	64	46	44	-19	26	59	6	51	-232	-306	-189	15	23	70	166	-43	-145	69
30	67	30	142	-117	-64	17	-145	-17	-178	-324	-204	-287	-293	-286	-306	-40	-97	-221	-232	-55	-36	-65	-57	31	13	1	-43	-16	-8	-116	-23	99	-177	-11	38	-175	23	85	69	74	-7	-244	-317	-279	-335	-131	-15	-191	-228	-131	-23	-23	-133	31	-31	31	67	-28	-72	165	-13	58	-84	-7	35	-165	14	128	40	60	24	-317	-247	-266	-181	-38	-267	-219	-182	-9	-21	-116	181	-60	22	91	-23	61	-21	-111	50	91	-320	63	-35	-156	-38	24	36	77	79	-291	-314	-306	-222	-164	-40	-246	-280	-243	-49	-13	-30	-84	-165	36	61	45	3	16	-2	-8	12	-102	-22	-130	-63	-262	-28	73	119	-69	-165	-220	15	18	91	-46	-105	-135	62	8	-26	-178	-104	-115	59	85	37	54	-19	29	30	0	24	-240	-317	-198	24	31	65	163	-46	-148	52
47	-199	-166	145	-117	47	-157	-213	-235	-187	-325	-317	-292	-334	-283	-306	-215	-306	-274	-241	-297	-177	-255	-57	-8	-235	-199	-155	53	-35	-116	-101	6	-265	88	113	95	-186	-134	-175	-187	0	-242	-335	-300	-335	-154	-292	-246	-244	-325	-196	-198	-132	116	-276	-158	-178	51	-68	154	-195	22	33	97	53	-165	-193	82	-189	-172	-148	-318	-324	-267	-183	-246	-311	-299	-180	-258	-164	-299	188	-84	-190	-206	-205	72	42	-202	34	85	-324	2	165	53	-178	-154	-148	-209	72	-293	-314	-311	-281	-190	-290	-246	-283	-238	-268	-222	-201	-147	-215	33	-202	-178	-195	-25	135	87	52	-123	64	-103	-72	-275	113	22	76	-319	-336	-331	-195	-192	-199	-243	-278	-289	-180	-147	-161	-177	-102	-117	-199	-213	-185	37	81	57	-169	-47	-196	-240	-321	5	-30	149	118	68	-46	-41	-30
34	-196	-165	127	-117	79	-158	-217	-233	-258	-319	-315	-292	-324	-280	-300	-213	-304	-276	-237	-295	-177	-255	-69	-8	-237	-200	-157	62	-9	-100	127	69	-128	18	96	135	-185	-144	-176	-185	85	-269	-322	-296	-330	-152	-291	-252	-255	-323	-196	-199	-137	128	-277	-160	-178	83	-111	187	79	-22	-36	100	59	-165	-193	-133	-189	-171	-134	-312	-317	-268	-180	-244	-306	-299	-188	-257	-165	-298	137	-116	-191	-206	-208	61	-6	12	109	137	-320	5	-31	121	-177	-154	-148	-208	129	-287	-305	-305	-276	-188	-288	-245	-282	-241	-267	-222	-202	-98	-154	20	-204	-180	-196	-21	133	65	70	100	34	-203	-33	-286	81	28	43	-316	-331	-326	-195	-191	-198	-244	-280	-290	-180	-147	-161	-177	-101	-121	-198	-213	-186	41	59	78	-97	122	27	-233	-316	-183	-66	-35	96	107	-22	-10	104
33	-199	-165	119	-116	82	-160	-218	-232	-260	-319	-316	-293	-325	-280	-300	-213	-304	-278	-237	-294	-178	-255	-68	-8	-238	-201	-158	64	-7	-116	44	78	-149	19	176	135	-186	-144	-177	-185	-118	-270	-322	-297	-329	-152	-289	-254	-257	-323	-195	-200	-138	135	-278	-162	-178	84	-113	186	-172	-17	-36	100	102	-165	-194	-130	-189	-170	-148	-311	-318	-267	-179	-242	-306	-300	-188	-255	-166	-298	136	-119	-193	-207	-208	59	-5	-199	60	139	-320	19	231	123	-177	-154	-150	-207	46	-286	-304	-305	-276	-187	-287	-245	-283	-242	-267	-221	-202	-102	-154	21	-205	-183	-197	-19	132	48	72	51	19	-215	-34	-288	80	54	104	-315	-331	-327	-195	-190	-198	-245	-281	-290	-181	-148	-162	-178	-102	-121	-199	-213	-188	52	59	80	-167	-12	-179	-234	-315	-188	-134	7	30	164	-34	-156	-38
39	-199	-158	30	-99	-89	-43	-8	135	-89	-52	-76	-38	-126	-82	-299	116	-86	12	-56	-69	64	3	-51	-98	-35	-85	-156	9	-144	-117	107	-41	-223	-37	70	-170	-42	-110	-39	-186	109	-51	-75	-118	-125	107	25	18	-91	-91	120	23	97	-49	-56	-38	-178	-19	-150	-12	48	-8	-192	-16	61	-165	-108	-66	-104	-170	-121	-40	-117	-44	-178	147	-91	-31	55	41	-14	-74	-15	-168	-47	-180	-79	29	-152	-189	94	4	-113	19	-42	-87	132	-153	-24	-208	136	-45	-53	-104	-123	-108	-24	-63	-105	-73	-47	48	38	-171	-42	-91	-70	-76	-172	-118	-68	-104	-70	47	-10	-118	-183	-99	-52	35	-114	-65	-81	-103	-80	64	45	21	-38	-44	-53	-14	59	-177	-102	-119	-124	-160	-48	-25	0	7	-46	124	23	-238	-260	-212	27	64	122	76	-29	5	70
43	-104	-20	23	-117	-76	-167	48	-229	6	-101	-104	-86	-86	-81	-261	-216	-35	-24	-30	-171	-183	-174	263	81	-193	-165	-161	-71	-14	-117	-105	-18	-85	-155	144	-175	-153	-28	-127	-50	-24	-50	-80	-118	-142	-150	-189	28	-29	-137	-200	-189	49	233	-75	-166	-156	-82	42	-62	-131	27	-74	-158	74	-165	-40	29	-35	-33	-35	-117	-93	-15	-177	-242	-21	-77	-7	-209	-173	-121	251	45	-193	-82	-162	8	9	-195	18	-97	-82	-28	194	-174	-183	-26	-153	-72	75	-57	-101	-113	-17	-157	-191	-3	-117	-63	-180	-207	-192	10	-4	214	-197	-189	-189	9	135	28	48	-135	55	-10	-51	-43	-188	-87	-106	-113	-91	-41	-28	-174	-49	-176	-50	-81	-137	-155	-169	-174	-11	-88	-33	-52	-136	-99	-124	-111	-57	-67	-86	-236	-260	-204	-16	143	120	55	-37	-19	-36
52	-123	-24	-43	-117	-82	-163	60	-234	-13	-106	-105	-93	-83	-88	-282	-221	-45	-31	-15	-174	-184	-177	289	218	-183	-171	-155	-101	-22	-87	135	-122	-118	-122	76	-175	-152	-21	-131	-61	59	-61	-80	-111	-159	-150	-198	29	-23	-138	-202	-187	65	167	-59	-162	-171	-88	10	-101	65	-34	-60	-152	58	-165	-41	-28	-42	-41	-38	-115	-85	-32	-183	-250	-29	-85	-7	-211	-171	-129	128	47	-187	-105	-141	-72	10	4	132	-120	-102	4	-51	-172	-187	-26	-151	-87	138	-92	-109	-108	-36	-170	-212	-1	-120	-63	-185	-209	-193	44	-2	308	-188	-181	-190	27	42	19	-85	123	68	-26	-53	-41	-185	41	-3	-116	-88	-43	-23	-174	-32	-173	-46	-86	-139	-154	-170	-177	-48	-101	-43	-68	-143	-99	-122	-112	-51	118	-19	-247	-285	-212	-20	-44	96	99	-13	11	97
49	-199	-161	29	-95	-86	-48	2	112	-79	-47	-43	-30	-134	-89	-244	96	-57	5	-58	-78	68	15	-58	-98	-64	-72	-157	10	-139	-117	-60	-8	-212	-36	91	-169	-4	-117	-50	-186	60	-41	-79	-100	-116	11	-45	-25	-87	-90	112	11	83	-51	-39	-29	-177	-18	-139	-16	-192	33	-190	-14	55	-155	-117	57	-115	-170	-141	-33	-104	-42	-129	148	-93	-11	56	-25	-11	-53	-21	-163	-72	-171	-166	28	-148	-202	31	3	-98	-3	116	-82	167	-155	-20	-208	100	-44	-54	-113	-87	111	-16	-67	-97	-65	-19	29	34	-173	-57	-94	-91	-62	-140	-117	-67	-102	7	-125	46	-102	-173	-83	-50	-56	-108	-80	-89	-98	-89	119	-38	2	-59	-41	-56	9	112	-177	-102	-122	-126	-152	-49	-25	0	6	-158	31	-188	-220	-246	-209	33	152	134	47	-43	-15	-10
38	-123	-139	30	-117	-88	214	-13	-74	-129	-40	-26	-59	-109	-106	-271	-112	-91	-18	-19	-52	104	-6	-60	-98	63	53	102	9	-144	-116	110	-43	-217	-36	73	-170	-42	-143	83	-124	107	-84	-64	-87	-87	-153	-64	-31	-98	-71	4	92	50	-50	-42	210	-65	-18	-168	-13	54	-12	-191	-15	61	-165	-114	-133	-53	-141	-123	-47	-70	-80	-183	-129	-48	-12	61	-2	174	-50	-17	-180	174	-50	97	28	-147	-160	97	4	-108	17	-41	-85	-34	-155	206	-120	135	-69	-61	-109	-89	-182	-72	-72	-97	-62	-3	29	47	-145	-22	-95	123	194	36	-116	-68	-102	-67	55	-6	-146	-180	-112	-51	35	-110	-95	-89	-111	-136	-51	-150	-22	-60	-64	31	185	110	-147	-97	-71	-33	-36	85	-25	0	7	-49	124	25	-236	-226	-210	20	55	119	79	-28	4	74
43	-102	-20	-101	-116	200	-166	66	-222	-49	-120	-80	-48	-82	-98	-99	-216	-22	-59	-2	-112	-183	-201	-59	49	-206	-163	-160	72	118	-117	-104	-18	37	-156	144	-93	-153	-28	-126	-49	-24	-52	-100	-100	-151	-151	-135	13	-35	-95	-200	-198	11	47	-100	-164	-153	159	29	-98	-129	27	197	-81	74	-46	-40	28	-35	-32	-34	-73	-67	-46	-145	-241	-42	-88	8	-176	-172	-127	-61	23	-195	-80	-143	-67	230	-194	18	-105	-84	-29	194	117	-184	-26	-152	-71	76	-93	-122	-114	-51	-169	-164	-4	-119	-62	-165	-195	-198	53	-2	28	-198	-187	-188	91	167	226	48	-135	55	-2	98	-55	-187	-87	-104	-68	-57	-34	-29	-175	-50	-206	-97	-130	-137	-155	-169	-178	-102	-122	-32	-51	-135	-99	-106	-111	-57	-66	-85	114	32	136	-15	143	121	55	-37	-19	-36
39	-58	27	31	-117	-92	85	21	-73	-68	-47	-27	-23	-112	-98	-291	-90	-63	-64	-65	-46	-17	-2	-67	-100	-33	127	147	9	-132	-116	113	-43	-198	-38	73	-171	114	-142	185	-42	105	-32	-89	-87	-113	-153	-98	-44	-79	-60	-35	2	56	-50	-42	114	17	-20	-125	-9	60	-12	-188	-17	60	-165	133	-133	159	-12	-48	-29	-47	-41	-181	-117	-97	-35	55	-4	29	-58	-11	-155	50	31	-10	29	-144	-78	98	5	-86	16	-49	-91	-55	-71	132	-73	134	-44	-58	-114	-104	-182	-136	-69	-105	-53	-1	30	18	-176	-94	-100	84	83	116	-116	-68	-102	-62	63	-2	-85	-161	-69	-54	35	-113	-88	-45	-99	56	-26	-160	-40	-44	-70	164	91	11	-127	-97	-87	134	81	174	-26	-1	7	-27	125	29	-228	-232	-206	13	45	116	79	-28	3	74
52	-121	-24	-104	-116	195	-162	76	-226	-56	-138	-69	-53	-83	-106	-94	-221	-34	-63	7	-105	-183	-196	-46	55	-201	-169	-155	65	121	-98	136	-121	35	-122	75	-85	-152	-22	-130	-60	58	-52	-106	-91	-156	-151	-142	9	-45	-87	-201	-197	33	49	-92	-160	-169	153	33	-101	65	-33	196	-76	57	-104	-40	-29	-41	-40	-38	-86	-62	-58	-152	-249	-56	-80	17	-174	-170	-114	-55	20	-191	-103	-115	-70	230	6	132	-118	-85	5	-53	109	-187	-25	-150	-86	138	-100	-124	-113	-76	-180	-189	-13	-114	-69	-148	-192	-195	53	2	31	-190	-179	-189	95	166	224	-83	124	69	4	95	-60	-143	41	-5	-70	-54	-39	-24	-175	-34	-207	-104	-127	-138	-154	-170	-178	-102	-114	-42	-66	-141	-98	-107	-111	-50	118	-18	99	34	133	-20	-46	95	98	-14	12	96

